# Sample Lightcurve Data - Transit Event
# TIME (days) FLUX FLUX_ERR
0.0 1.0000 0.0001
0.1 0.9998 0.0001
0.2 0.9995 0.0001
0.3 0.9990 0.0001
0.4 0.9985 0.0001
0.5 0.9975 0.0001
0.6 0.9960 0.0001
0.7 0.9940 0.0001
0.8 0.9915 0.0001
0.9 0.9885 0.0001
1.0 0.9850 0.0001
1.1 0.9820 0.0001
1.2 0.9800 0.0001
1.3 0.9790 0.0001
1.4 0.9785 0.0001
1.5 0.9785 0.0001
1.6 0.9790 0.0001
1.7 0.9800 0.0001
1.8 0.9820 0.0001
1.9 0.9850 0.0001
2.0 0.9885 0.0001
2.1 0.9915 0.0001
2.2 0.9940 0.0001
2.3 0.9960 0.0001
2.4 0.9975 0.0001
2.5 0.9985 0.0001
2.6 0.9990 0.0001
2.7 0.9995 0.0001
2.8 0.9998 0.0001
2.9 1.0000 0.0001
3.0 1.0000 0.0001
