# Sample Lightcurve Data - Deep Transit
# TIME (days) FLUX FLUX_ERR
0.0 1.0000 0.0001
0.2 0.9995 0.0001
0.4 0.9980 0.0001
0.6 0.9950 0.0001
0.8 0.9900 0.0001
1.0 0.9830 0.0001
1.2 0.9750 0.0001
1.4 0.9670 0.0001
1.6 0.9600 0.0001
1.8 0.9550 0.0001
2.0 0.9520 0.0001
2.2 0.9510 0.0001
2.4 0.9515 0.0001
2.6 0.9535 0.0001
2.8 0.9570 0.0001
3.0 0.9620 0.0001
3.2 0.9680 0.0001
3.4 0.9750 0.0001
3.6 0.9820 0.0001
3.8 0.9880 0.0001
4.0 0.9930 0.0001
4.2 0.9960 0.0001
4.4 0.9980 0.0001
4.6 0.9992 0.0001
4.8 0.9998 0.0001
5.0 1.0000 0.0001
