# Sample Lightcurve Data - Simulated Transit
# Format: TIME(BJD) FLUX FLUX_ERR
# Planet parameters: Period=3.5d, Depth=1%, Duration=3hrs
0.0000 1.0023 0.0012
0.0208 0.9987 0.0011
0.0417 1.0015 0.0013
0.0625 0.9992 0.0010
0.0833 1.0008 0.0012
0.1042 0.9995 0.0011
0.1250 1.0001 0.0013
0.1458 0.9890 0.0010
0.1667 0.9902 0.0011
0.1875 0.9895 0.0012
0.2083 0.9898 0.0011
0.2292 0.9905 0.0010
0.2500 1.0012 0.0012
0.2708 0.9998 0.0011
0.2917 1.0005 0.0013
0.3125 0.9991 0.0012
0.3333 1.0018 0.0011
0.3542 0.9996 0.0010
0.3750 1.0003 0.0012
0.3958 1.0009 0.0011
0.4167 0.9987 0.0013
0.4375 1.0015 0.0012
0.4583 0.9993 0.0011
0.4792 1.0007 0.0010
0.5000 0.9999 0.0012
0.5208 1.0011 0.0011
0.5417 0.9985 0.0013
0.5625 1.0002 0.0012
0.5833 0.9997 0.0011
0.6042 1.0013 0.0010
0.6250 0.9988 0.0012
0.6458 1.0006 0.0011
0.6667 0.9994 0.0013
0.6875 1.0001 0.0012
0.7083 0.9989 0.0011
0.7292 1.0004 0.0010
0.7500 0.9996 0.0012
0.7708 1.0010 0.0011
0.7917 0.9992 0.0013
0.8125 1.0008 0.0012
0.8333 0.9986 0.0011
0.8542 1.0014 0.0010
0.8750 0.9991 0.0012
0.8958 1.0005 0.0011
0.9167 0.9998 0.0013
0.9375 1.0002 0.0012
0.9583 0.9987 0.0011
0.9792 1.0009 0.0010
1.0000 0.9995 0.0012
1.0208 1.0011 0.0011
1.0417 0.9989 0.0013
1.0625 1.0003 0.0012
1.0833 0.9997 0.0011
1.1042 1.0006 0.0010
1.1250 0.9993 0.0012
1.1458 1.0001 0.0011
1.1667 0.9988 0.0013
1.1875 1.0012 0.0012
1.2083 0.9996 0.0011
1.2292 1.0004 0.0010
1.2500 0.9991 0.0012
1.2708 1.0008 0.0011
1.2917 0.9994 0.0013
1.3125 1.0002 0.0012
1.3333 0.9987 0.0011
1.3542 1.0015 0.0010
1.3750 0.9990 0.0012
1.3958 1.0007 0.0011
1.4167 0.9998 0.0013
1.4375 1.0005 0.0012
1.4583 0.9992 0.0011
1.4792 1.0011 0.0010
1.5000 0.9986 0.0012
1.5208 1.0003 0.0011
1.5417 0.9997 0.0013
1.5625 1.0009 0.0012
1.5833 0.9894 0.0011
1.6042 0.9901 0.0010
1.6250 0.9897 0.0012
1.6458 0.9903 0.0011
1.6667 0.9899 0.0013
1.6875 1.0014 0.0012
1.7083 0.9991 0.0011
1.7292 1.0006 0.0010
1.7500 0.9998 0.0012
1.7708 1.0002 0.0011
1.7917 0.9989 0.0013
1.8125 1.0012 0.0012
1.8333 0.9995 0.0011
1.8542 1.0004 0.0010
1.8750 0.9987 0.0012
1.8958 1.0008 0.0011
1.9167 0.9993 0.0013
1.9375 1.0001 0.0012
1.9583 0.9996 0.0011
1.9792 1.0010 0.0010
2.0000 0.9985 0.0012
